Age,EstimatedSalary,Gender,Purchased,Probability
38,59000,Male,0,0.0
26,17000,Female,0,0.0
30,17000,Male,0,0.0
59,83000,Female,1,0.8571428571428571
46,82000,Female,0,0.42857142857142855
51,146000,Female,1,0.8571428571428571
25,90000,Male,0,0.0
40,57000,Male,0,0.0
26,80000,Male,0,0.0
48,74000,Male,1,0.5714285714285714
46,74000,Female,0,0.14285714285714285
53,34000,Female,1,1.0
24,32000,Female,0,0.0
18,82000,Male,0,0.0
54,104000,Female,1,0.8571428571428571
35,58000,Male,0,0.0
20,49000,Male,0,0.0
42,104000,Male,1,1.0
41,80000,Female,0,0.14285714285714285
27,54000,Female,0,0.0
51,23000,Male,1,1.0
33,69000,Female,0,0.0
47,25000,Male,1,1.0
30,79000,Female,0,0.0
38,80000,Female,0,0.2857142857142857
